Sample	Distance(cm)
0	23.3782	
1	23.3714	
2	23.3688	
3	23.3662	
4	23.3378	
5	23.3266	
6	23.3241	
7	23.3344	
8	23.3146	
9	23.3163	
10	23.309	
11	23.3021	
12	23.3038	
13	23.297	
14	23.303	
15	23.2918	
16	23.2935	
17	23.2952	
18	23.3013	
19	23.2987	
20	23.2746	
21	23.2677	
22	23.2608	
23	23.2583	
24	23.2514	
25	23.2484	
26	23.2458	
27	23.2389	
28	23.2277	
29	23.2209	
30	23.2183	
31	23.2157	
32	23.2131	
33	23.2062	
34	23.2037	
35	23.1839	
36	23.1813	
37	23.1787	
38	23.1804	
39	23.1779	
40	23.1839	
41	23.1938	
42	23.1869	
43	23.1757	
44	23.1688	
45	23.1447	
46	23.1379	
47	23.1052	
48	23.0725	
49	23.057	
50	23.0458	
51	23.0261	
52	23.002	
53	22.9779	
54	22.9366	
55	22.8782	
56	22.7724	
57	22.6623	
58	22.5733	
59	22.5062	
60	22.4391	
61	22.3591	
62	22.2749	
63	22.1992	
64	22.1192	
65	22.0349	
66	21.9248	
67	21.8492	
68	21.7778	
69	21.6505	
70	21.5275	
71	21.383	
72	21.2644	
73	21.15	
74	21.0141	
75	20.9126	
76	20.8068	
77	20.6753	
78	20.5776	
79	20.4504	
80	20.3274	
81	20.2259	
82	20.1158	
83	20.023	
84	19.9387	
85	19.82	
86	19.74	
87	19.7331	
88	19.666	
89	19.5087	
90	19.4072	
91	19.3659	
92	19.316	
93	19.2446	
94	19.1647	
95	19.1105	
96	19.0606	
97	19.0189	
98	18.9862	
99	18.9621	
100	18.9424	
101	18.9269	
102	18.9243	
103	18.926	
104	18.9234	
105	18.9381	
106	18.9527	
107	18.9759	
108	18.9991	
109	19.0266	
110	19.0542	
111	19.086	
112	19.1092	
113	19.1492	
114	19.181	
115	19.2214	
116	19.2575	
117	19.2937	
118	19.3341	
119	19.3616	
120	19.402	
121	19.4424	
122	19.4786	
123	19.5147	
124	19.5508	
125	19.5826	
126	19.6187	
127	19.6329	
128	19.6691	
129	19.7009	
130	19.7327	
131	19.7559	
132	19.7791	
133	19.7938	
134	19.7998	
135	19.8144	
136	19.829	
137	19.8393	
138	19.8497	
139	19.86	
140	19.866	
141	19.8677	
142	19.8604	
143	19.8664	
144	19.8681	
145	19.8785	
146	19.8802	
147	19.8862	
148	19.8965	
149	19.9069	
150	19.9	
151	19.9146	
152	19.9206	
153	19.9266	
154	19.9326	
155	19.943	
156	19.9576	
157	19.9675	
158	19.9907	
159	20.0182	
160	20.0543	
161	20.0991	
162	20.1481	
163	20.1885	
164	20.2289	
165	20.2607	
166	20.3098	
167	20.3803	
168	20.5583	
169	20.6374	
170	20.695	
171	20.7479	
172	20.8012	
173	20.8288	
174	20.8821	
175	20.9311	
176	20.9758	
177	21.0291	
178	21.0653	
179	21.1143	
180	21.1504	
181	21.2037	
182	21.2614	
183	21.3276	
184	21.4153	
185	21.4897	
186	21.5559	
187	21.6307	
188	21.7141	
189	21.8449	
190	21.9842	
191	22.0633	
192	22.2886	
193	22.3333	
194	22.5759	
195	22.5948	
196	22.7857	
197	23.002	
198	23.1413	
199	23.2505	
200	23.4759	
201	23.7141	
202	23.8921	
203	24.0529	
204	24.2438	
205	24.3401	
206	24.4537	
207	24.5715	
208	24.6029	
209	24.6605	
210	24.7224	
211	24.7757	
212	24.8291	
213	24.8953	
214	24.9916	
215	25.0922	
216	25.1025	
217	25.1043	
218	25.0458	
219	24.9959	
220	24.8858	
221	24.7585	
222	24.6872	
223	24.5427	
224	24.3548	
225	24.3135	
226	24.1045	
227	23.9299	
228	23.9101	
229	23.7141	
230	23.6427	
231	23.4638	
232	23.358	
233	23.2006	
234	23.039	
235	22.916	
236	22.75	
237	22.6313	
238	22.4008	
239	22.2306	
240	22.1162	
241	21.9674	
242	21.8702	
243	21.8074	
244	21.7576	
245	21.712	
246	21.6746	
247	21.6419	
248	21.6264	
249	21.598	
250	21.6084	
251	21.623	
252	21.6548	
253	21.6995	
254	21.7485	
255	21.7976	
256	21.8767	
257	21.9816	
258	22.0908	
259	22.2129	
260	22.3432	
261	22.4654	
262	22.5961	
263	22.7182	
264	22.8188	
265	22.8936	
266	22.9899	
267	23.1207	
268	23.2514	
269	23.3864	
270	23.5128	
271	23.6392	
272	23.7609	
273	23.8788	
274	23.9966	
275	24.0972	
276	24.1849	
277	24.2597	
278	24.3217	
279	24.3535	
280	24.3939	
281	24.4214	
282	24.4188	
283	24.4034	
284	24.375	
285	24.3423	
286	24.3264	
287	24.2808	
288	24.2266	
289	24.138	
290	24.0581	
291	23.991	
292	23.8852	
293	23.6676	
294	23.5575	
295	23.3529	
296	23.2084	
297	23.0768	
298	22.9237	
299	22.7878	
300	22.6305	
301	22.4989	
302	22.3415	
303	22.2013	
304	22.074	
305	21.9339	
306	21.8238	
307	21.6922	
308	21.5731	
309	21.4802	
310	21.3615	
311	21.2644	
312	21.1973	
313	21.1431	
314	21.0975	
315	21.0562	
316	21.0408	
317	21.0511	
318	21.1216	
319	21.1921	
320	21.2454	
321	21.316	
322	21.3865	
323	21.4527	
324	21.5142	
325	21.5976	
326	21.7068	
327	21.8203	
328	21.9468	
329	22.0904	
330	22.234	
331	22.4077	
332	22.6502	
333	22.8111	
334	22.9891	
335	23.1413	
336	23.3017	
337	23.4582	
338	23.6061	
339	23.7498	
340	23.8848	
341	24.0671	
342	24.1892	
343	24.3973	
344	24.627	
345	24.7362	
346	24.8368	
347	24.9671	
348	25.0935	
349	25.2113	
350	25.2217	
351	25.1761	
352	25.1563	
353	25.1451	
354	25.1253	
355	25.1012	
356	25.1374	
357	25.0875	
358	24.9344	
359	24.8888	
360	24.9723	
361	24.8235	
362	24.6446	
363	24.6244	
364	24.3122	
365	24.172	
366	23.9802	
367	23.7928	
368	23.6268	
369	23.3404	
370	23.1701	
371	23.0041	
372	22.8468	
373	22.7109	
374	22.5492	
375	22.4219	
376	22.2774	
377	22.1416	
378	22.0186	
379	21.8913	
380	21.764	
381	21.5894	
382	21.4794	
383	21.4123	
384	21.3581	
385	21.3211	
386	21.2927	
387	21.2811	
388	21.2957	
389	21.3147	
390	21.3465	
391	21.3912	
392	21.4488	
393	21.4764	
394	21.5168	
395	21.6174	
396	21.6578	
397	21.6853	
398	21.8547	
399	21.9554	
400	22.1244	
401	22.2938	
402	22.4288	
403	22.6068	
404	22.716	
405	22.8425	
406	22.9087	
407	23.0394	
408	23.1658	
409	23.2836	
410	23.4144	
411	23.5279	
412	23.6453	
413	23.7588	
414	23.8551	
415	23.9471	
416	24.0951	
417	24.2301	
418	24.2748	
419	24.3023	
420	24.2825	
421	24.2671	
422	24.2258	
423	24.2017	
424	24.1518	
425	24.1191	
426	24.0817	
427	24.0017	
428	23.9304	
429	23.9579	
430	23.9166	
431	23.8108	
432	23.7179	
433	23.6165	
434	23.4849	
435	23.3576	
436	23.2045	
437	23.0643	
438	22.8984	
439	22.741	
440	22.6094	
441	22.4606	
442	22.3591	
443	22.2276	
444	22.1132	
445	21.9988	
446	21.8973	
447	21.7954	
448	21.6982	
449	21.6096	
450	21.534	
451	21.4712	
452	21.4127	
453	21.3671	
454	21.3388	
455	21.3233	
456	21.3293	
457	21.3955	
458	21.5004	
459	21.5795	
460	21.6544	
461	21.7335	
462	21.7954	
463	21.8784	
464	21.979	
465	22.0925	
466	22.1975	
467	22.3368	
468	22.4847	
469	22.6541	
470	22.8493	
471	23.0919	
472	23.3215	
473	23.4909	
474	23.7029	
475	23.8508	
476	23.9987	
477	24.1897	
478	24.2301	
479	24.3866	
480	24.47	
481	24.5706	
482	24.7357	
483	24.8235	
484	24.9069	
485	25.1279	
486	25.2754	
487	25.3674	
488	25.3777	
489	25.3666	
490	25.3296	
491	25.1679	
492	25.1008	
493	25.0208	
494	24.9366	
495	24.7577	
496	24.6304	
497	24.516	
498	24.4274	
499	24.3475	
500	24.1944	
501	24.0843	
502	23.9656	
503	23.8082	
504	23.6767	
505	23.5145	
506	23.3099	
507	23.0622	
508	22.8661	
509	22.7087	
510	22.547	
511	22.4026	
512	22.2624	
513	22.1308	
514	22.0078	
515	21.8806	
516	21.7705	
517	21.6647	
518	21.5374	
519	21.4316	
520	21.343	
521	21.1814	
522	21.0842	
523	21.0257	
524	20.9973	
525	20.9947	
526	21.0046	
527	21.0322	
528	21.0812	
529	21.1431	
530	21.2136	
531	21.254	
532	21.3289	
533	21.4295	
534	21.5215	
535	21.6178	
536	21.7485	
537	21.8707	
538	21.9971	
539	22.1618	
540	22.3269	
541	22.6382	
542	22.7947	
543	22.9598	
544	23.1078	
545	23.2557	
546	23.3821	
547	23.5128	
548	23.6479	
549	23.7657	
550	23.8788	
551	23.9923	
552	24.0929	
553	24.1849	
554	24.2683	
555	24.369	
556	24.4438	
557	24.5358	
558	24.6579	
559	24.7155	
560	24.7216	
561	24.6932	
562	24.6605	
563	24.6149	
564	24.5431	
565	24.4459	
566	24.3659	
567	24.3462	
568	24.292	
569	24.1905	
570	24.0976	
571	24.0305	
572	23.899	
573	23.7932	
574	23.6487	
575	23.4827	
576	23.3296	
577	23.1422	
578	23.0063	
579	22.8446	
580	22.7173	
581	22.5771	
582	22.4499	
583	22.3484	
584	22.2211	
585	22.145	
586	22.065	
587	21.9549	
588	21.8879	
589	21.8208	
590	21.7537	
591	21.678	
592	21.6238	
593	21.5955	
594	21.5843	
595	21.5989	
596	21.6264	
597	21.6797	
598	21.7632	
599	21.8251	
600	21.887	
601	21.9614	
602	22.0577	
603	22.154	
604	22.2159	
605	22.3295	
606	22.443	
607	22.5436	
608	22.7001	
609	22.8265	
610	22.9917	
611	23.1353	
612	23.309	
613	23.4694	
614	23.5915	
615	23.7394	
616	23.8229	
617	23.9493	
618	24.0499	
619	24.129	
620	24.2382	
621	24.2916	
622	24.2847	
623	24.3552	
624	24.4687	
625	24.5263	
626	24.5448	
627	24.5465	
628	24.544	
629	24.5328	
630	24.5001	
631	24.4674	
632	24.4218	
633	24.3505	
634	24.2791	
635	24.1948	
636	24.1062	
637	24.0176	
638	23.8947	
639	23.7803	
640	23.6702	
641	23.5429	
642	23.4113	
643	23.2798	
644	23.1181	
645	22.9732	
646	22.7728	
647	22.6283	
648	22.3419	
649	22.2018	
650	22.0616	
651	21.9171	
652	21.8156	
653	21.6711	
654	21.574	
655	21.6101	
656	21.4097	
657	21.2996	
658	21.2712	
659	21.2085	
660	21.1156	
661	21.0657	
662	21.0416	
663	21.0347	
664	21.0494	
665	21.1238	
666	21.2803	
667	21.3594	
668	21.4041	
669	21.4789	
670	21.5667	
671	21.6587	
672	21.7593	
673	21.8642	
674	21.9863	
675	22.117	
676	22.2392	
677	22.3914	
678	22.5432	
679	22.7126	
680	22.8734	
681	23.0944	
682	23.337	
683	23.4763	
684	23.65	
685	23.785	
686	23.9329	
687	24.0723	
688	24.1815	
689	24.3204	
690	24.4468	
691	24.5173	
692	24.6222	
693	24.8088	
694	24.9525	
695	25.0144	
696	25.0763	
697	25.1296	
698	25.1572	
699	25.1589	
700	25.2036	
701	25.2311	
702	25.1378	
703	24.9804	
704	24.8574	
705	24.8119	
706	24.7448	
707	24.5831	
708	24.473	
709	24.4231	
710	24.2314	
711	24.1514	
712	24.0069	
713	23.8108	
714	23.7093	
715	23.4789	
716	23.3516	
717	23.1555	
718	23.0024	
719	22.759	
720	22.5716	
721	22.44	
722	22.2826	
723	22.1639	
724	22.0581	
725	21.9347	
726	21.8376	
727	21.7748	
728	21.7077	
729	21.632	
730	21.5778	
731	21.5323	
732	21.4781	
733	21.4196	
734	21.3955	
735	21.4144	
736	21.4462	
737	21.4824	
738	21.5443	
739	21.6105	
740	21.6982	
741	21.7941	
742	21.8861	
743	21.9997	
744	22.1046	
745	22.2181	
746	22.3531	
747	22.4838	
748	22.6232	
749	22.7625	
750	22.8975	
751	23.054	
752	23.1675	
753	23.3193	
754	23.4457	
755	23.5722	
756	23.7115	
757	23.7992	
758	23.9299	
759	24.0348	
760	24.0839	
761	24.163	
762	24.2593	
763	24.3212	
764	24.3616	
765	24.3806	
766	24.3862	
767	24.3707	
768	24.3724	
769	24.3612	
770	24.3457	
771	24.3002	
772	24.2374	
773	24.1402	
774	24.086	
775	24.0103	
776	23.9089	
777	23.7859	
778	23.6887	
779	23.5528	
780	23.4212	
781	23.2983	
782	23.1151	
783	23.0093	
784	22.8476	
785	22.7328	
786	22.5797	
787	22.4481	
788	22.3252	
789	22.1807	
790	22.062	
791	21.9433	
792	21.8332	
793	21.7318	
794	21.6389	
795	21.546	
796	21.4832	
797	21.4247	
798	21.362	
799	21.3293	
800	21.3138	
801	21.3026	
802	21.3215	
803	21.3405	
804	21.3762	
805	21.4166	
806	21.4785	
807	21.5447	
808	21.6238	
809	21.7245	
810	21.9326	
811	22.0418	
812	22.2026	
813	22.3376	
814	22.4727	
815	22.6292	
816	22.7857	
817	22.9547	
818	23.137	
819	23.2806	
820	23.5317	
821	23.6238	
822	23.8749	
823	24.0529	
824	24.1836	
825	24.396	
826	24.5268	
827	24.6575	
828	24.9297	
829	25.0303	
830	25.0965	
831	25.2014	
832	25.2763	
833	25.3167	
834	25.3184	
835	25.2771	
836	25.2315	
837	25.2204	
838	25.2565	
839	25.241	
840	25.1997	
841	25.0337	
842	24.928	
843	24.8304	
844	24.7461	
845	24.5715	
846	24.4227	
847	24.2911	
848	24.009	
849	23.856	
850	23.7115	
851	23.5068	
852	23.3709	
853	23.2006	
854	23.0562	
855	22.8988	
856	22.7457	
857	22.6012	
858	22.3579	
859	22.1962	
860	22.0345	
861	21.9072	
862	21.7885	
863	21.6742	
864	21.5727	
865	21.497	
866	21.417	
867	21.3624	
868	21.2996	
869	21.254	
870	21.23	
871	21.2231	
872	21.2119	
873	21.2394	
874	21.254	
875	21.2515	
876	21.2274	
877	21.285	
878	21.3684	
879	21.4733	
880	21.5654	
881	21.666	
882	21.835	
883	21.9356	
884	22.1179	
885	22.3217	
886	22.4094	
887	22.6649	
888	22.701	
889	22.922	
890	23.0011	
891	23.1662	
892	23.3357	
893	23.4359	
894	23.6483	
895	23.7661	
896	23.8968	
897	24.0017	
898	24.1024	
899	24.1901	
900	24.2692	
901	24.3354	
902	24.3844	
903	24.4206	
904	24.4266	
905	24.4412	
906	24.4382	
907	24.427	
908	24.4029	
909	24.3745	
910	24.3376	
911	24.292	
912	24.2206	
913	24.1578	
914	24.0864	
915	23.9721	
916	23.8663	
917	23.7132	
918	23.5773	
919	23.4457	
920	23.2841	
921	23.1525	
922	23.0123	
923	22.885	
924	22.7921	
925	22.695	
926	22.6103	
927	22.4701	
928	22.3643	
929	22.2284	
930	22.1011	
931	22.0083	
932	21.8939	
933	21.7881	
934	21.7253	
935	21.6754	
936	21.6299	
937	21.5972	
938	21.5817	
939	21.5705	
940	21.5851	
941	21.5998	
942	21.6187	
943	21.6677	
944	21.7249	
945	21.7782	
946	21.8401	
947	21.9192	
948	22.0328	
949	22.1549	
950	22.2555	
951	22.4206	
952	22.5556	
953	22.7122	
954	22.9891	
955	23.0553	
956	23.2759	
957	23.312	
958	23.4427	
959	23.5391	
960	23.6698	
961	23.8134	
962	23.9312	
963	24.0748	
964	24.2357	
965	24.3062	
966	24.4842	
967	24.6192	
968	24.6463	
969	24.6609	
970	24.7186	
971	24.7461	
972	24.7478	
973	24.728	
974	24.7254	
975	24.7099	
976	24.6859	
977	24.6489	
978	24.599	
979	24.5362	
980	24.4606	
981	24.3634	
982	24.2662	
983	24.1217	
984	23.9471	
985	23.8241	
986	23.6878	
987	23.5391	
988	23.3817	
989	23.2243	
990	23.0884	
991	22.9181	
992	22.7694	
993	22.6378	
994	22.4675	
995	22.3703	
996	22.1871	
997	22.0814	
998	21.9584	
999	21.7365	
1000	21.6264	
1001	21.4776	
1002	21.3375	
1003	21.2403	
1004	21.1818	
1005	21.1319	
1006	21.0906	
1007	21.0623	
1008	21.0506	
1009	21.0567	
1010	21.1057	
1011	21.1633	
1012	21.251	
1013	21.3087	
1014	21.2803	
1015	21.2906	
1016	21.3697	
1017	21.5907	
1018	21.7042	
1019	21.8135	
1020	22.0087	
1021	22.139	
1022	22.2783	
1023	22.4305	
1024	22.5698	
1025	22.7307	
1026	22.8614	
1027	23.0093	
1028	23.1529	
1029	23.2965	
1030	23.4445	
1031	23.5838	
1032	23.7274	
1033	23.8706	
1034	24.0529	
1035	24.2481	
1036	24.3702	
1037	24.4752	
1038	24.5758	
1039	24.6635	
1040	24.7125	
1041	24.7529	
1042	24.7461	
1043	24.7478	
1044	24.7452	
1045	24.7297	
1046	24.7181	
1047	24.7026	
1048	24.6872	
1049	24.633	
1050	24.6433	
1051	24.6579	
1052	24.5822	
1053	24.4507	
1054	24.3449	
1055	24.1789	
1056	23.9269	
1057	23.7781	
1058	23.6165	
1059	23.4892	
1060	23.3404	
1061	23.2002	
1062	23.0729	
1063	22.9328	
1064	22.8012	
1065	22.6524	
1066	22.538	
1067	22.406	
1068	22.2658	
1069	22.173	
1070	22.0457	
1071	21.9227	
1072	21.8298	
1073	21.7627	
1074	21.6999	
1075	21.6501	
1076	21.6131	
1077	21.589	
1078	21.5821	
1079	21.5968	
1080	21.6028	
1081	21.6346	
1082	21.6793	
1083	21.7283	
1084	21.7683	
1085	21.813	
1086	21.875	
1087	21.9326	
1088	21.9816	
1089	22.1123	
1090	22.243	
1091	22.3781	
1092	22.5604	
1093	22.6739	
1094	22.8046	
1095	22.9009	
1096	23.0274	
1097	23.1577	
1098	23.2841	
1099	23.4191	
1100	23.5326	
1101	23.6633	
1102	23.7811	
1103	23.8861	
1104	23.9953	
1105	24.1002	
1106	24.1793	
1107	24.2584	
1108	24.3204	
1109	24.3694	
1110	24.3879	
1111	24.4111	
1112	24.4128	
1113	24.4145	
1114	24.4034	
1115	24.3793	
1116	24.3423	
1117	24.2967	
1118	24.2167	
1119	24.1454	
1120	24.074	
1121	23.9811	
1122	23.8839	
1123	23.7738	
1124	23.6509	
1125	23.4935	
1126	23.3705	
1127	23.2002	
1128	23.0596	
1129	22.9022	
1130	22.7061	
1131	22.6434	
1132	22.4559	
1133	22.3888	
1134	22.2572	
1135	22.1385	
1136	22.0328	
1137	21.8969	
1138	21.7954	
1139	21.7025	
1140	21.5709	
1141	21.4394	
1142	21.4024	
1143	21.374	
1144	21.337	
1145	21.313	
1146	21.3018	
1147	21.3078	
1148	21.3048	
1149	21.3366	
1150	21.3727	
1151	21.4174	
1152	21.4751	
1153	21.537	
1154	21.6118	
1155	21.7081	
1156	21.813	
1157	21.9309	
1158	22.0659	
1159	22.2353	
1160	22.4434	
1161	22.6468	
1162	22.7947	
1163	22.934	
1164	23.0863	
1165	23.2385	
1166	23.395	
1167	23.5343	
1168	23.6994	
1169	23.8474	
1170	23.9996	
1171	24.1389	
1172	24.2907	
1173	24.5246	
1174	24.6596	
1175	24.7689	
1176	24.891	
1177	25.0088	
1178	25.1094	
1179	25.2014	
1180	25.186	
1181	25.1791	
1182	25.1464	
1183	25.1266	
1184	25.1068	
1185	25.0742	
1186	25.0238	
1187	24.9568	
1188	24.8725	
1189	24.8097	
1190	24.7383	
1191	24.6197	
1192	24.501	
1193	24.3651	
1194	24.1733	
1195	24.0331	
1196	23.8413	
1197	23.6066	
1198	23.4062	
1199	23.2316	
1200	23.0828	
1201	22.9125	
1202	22.7638	
1203	22.6107	
1204	22.4748	
1205	22.3475	
1206	22.2073	
1207	22.093	
1208	21.97	
1209	21.7782	
1210	21.6333	
1211	21.549	
1212	21.4819	
1213	21.4192	
1214	21.3693	
1215	21.3323	
1216	21.3211	
1217	21.3099	
1218	21.3203	
1219	21.3521	
1220	21.3925	
1221	21.4415	
1222	21.4862	
1223	21.5353	
1224	21.623	
1225	21.7189	
1226	21.7679	
1227	21.8986	
1228	22.0379	
1229	22.0998	
1230	22.3209	
1231	22.4387	
1232	22.5866	
1233	22.7474	
1234	22.8652	
1235	23.0347	
1236	23.1525	
1237	23.3	
1238	23.4264	
1239	23.5442	
1240	23.6749	
1241	23.7928	
1242	23.9235	
1243	24.0241	
1244	24.1247	
1245	24.2038	
1246	24.2787	
1247	24.3234	
1248	24.3681	
1249	24.3999	
1250	24.4184	
1251	24.4244	
1252	24.4218	
1253	24.4021	
1254	24.3737	
1255	24.3195	
1256	24.2696	
1257	24.2026	
1258	24.1312	
1259	24.0469	
1260	23.954	
1261	23.8482	
1262	23.7467	
1263	23.6109	
1264	23.4879	
1265	23.3563	
1266	23.2161	
1267	23.0759	
1268	22.9272	
1269	22.787	
1270	22.6378	
1271	22.4976	
1272	22.3703	
1273	22.2473	
1274	22.133	
1275	22.0143	
1276	21.9128	
1277	21.8113	
1278	21.7012	
1279	21.617	
1280	21.5499	
1281	21.4957	
1282	21.4501	
1283	21.4088	
1284	21.3891	
1285	21.3779	
1286	21.4097	
1287	21.4845	
1288	21.5718	
1289	21.638	
1290	21.6999	
1291	21.7705	
1292	21.841	
1293	21.9244	
1294	22.0379	
1295	22.1471	
1296	22.2693	
1297	22.4215	
1298	22.5522	
1299	22.7173	
1300	22.8738	
1301	23.0084	
1302	23.2252	
1303	23.4247	
1304	23.6242	
1305	23.7721	
1306	23.9286	
1307	24.0766	
1308	24.1944	
1309	24.338	
1310	24.4343	
1311	24.5478	
1312	24.6566	
1313	24.7314	
1314	24.8063	
1315	24.894	
1316	24.9516	
1317	24.992	
1318	25.0066	
1319	25.0213	
1320	25.0144	
1321	24.986	
1322	24.9404	
1323	24.8346	
1324	24.7074	
1325	24.6231	
1326	24.513	
1327	24.4244	
1328	24.3316	
1329	24.2253	
1330	24.1067	
1331	23.9708	
1332	23.8392	
1333	23.6904	
1334	23.533	
1335	23.3026	
1336	23.1409	
1337	22.9706	
1338	22.8218	
1339	22.6472	
1340	22.4985	
1341	22.3583	
1342	22.2181	
1343	22.0908	
1344	21.9549	
1345	21.8277	
1346	21.7305	
1347	21.6075	
1348	21.4888	
1349	21.4131	
1350	21.3719	
1351	21.3134	
1352	21.233	
1353	21.1358	
1354	21.0687	
1355	21.0661	
1356	21.0764	
1357	21.1083	
1358	21.1659	
1359	21.2364	
1360	21.2768	
1361	21.3345	
1362	21.4996	
1363	21.6776	
1364	21.7352	
1365	21.8659	
1366	22.0435	
1367	22.1355	
1368	22.305	
1369	22.44	
1370	22.5793	
1371	22.7272	
1372	22.8708	
1373	23.0188	
1374	23.171	
1375	23.3146	
1376	23.4582	
1377	23.5846	
1378	23.7149	
1379	23.8413	
1380	23.9678	
1381	24.0813	
1382	24.1776	
1383	24.2696	
1384	24.3573	
1385	24.4494	
1386	24.5242	
1387	24.5904	
1388	24.6394	
1389	24.6669	
1390	24.6773	
1391	24.6743	
1392	24.6459	
1393	24.6132	
1394	24.5633	
1395	24.4919	
1396	24.4163	
1397	24.3363	
1398	24.2391	
1399	24.1247	
1400	24.006	
1401	23.8874	
1402	23.7601	
1403	23.6328	
1404	23.4926	
1405	23.3653	
1406	23.2252	
1407	23.0721	
1408	22.9362	
1409	22.7874	
1410	22.6601	
1411	22.5157	
1412	22.4008	
1413	22.2736	
1414	22.1635	
1415	22.0577	
1416	21.9605	
1417	21.8762	
1418	21.8092	
1419	21.755	
1420	21.6965	
1421	21.6509	
1422	21.6226	
1423	21.5942	
1424	21.5916	
1425	21.6019	
1426	21.6294	
1427	21.6699	
1428	21.7232	
1429	21.7847	
1430	21.838	
1431	21.9171	
1432	22.0263	
1433	22.1312	
1434	22.2319	
1435	22.3583	
1436	22.4804	
1437	22.6025	
1438	22.7289	
1439	22.8554	
1440	22.9947	
1441	23.1293	
1442	23.2686	
1443	23.4079	
1444	23.5515	
1445	23.6822	
1446	23.8087	
1447	23.9394	
1448	24.0486	
1449	24.1492	
1450	24.2455	
1451	24.2903	
1452	24.3049	
1453	24.3238	
1454	24.3767	
1455	24.4128	
1456	24.4446	
1457	24.4636	
1458	24.4782	
1459	24.4756	
1460	24.4601	
1461	24.4188	
1462	24.3733	
1463	24.3148	
1464	24.2348	
1465	24.1505	
1466	24.0576	
1467	23.9605	
1468	23.8375	
1469	23.7188	
1470	23.6001	
1471	23.4728	
1472	23.3365	
1473	23.1963	
1474	23.0648	
1475	22.9203	
1476	22.7758	
1477	22.6399	
1478	22.4911	
1479	22.3682	
1480	22.2065	
1481	22.0921	
1482	21.9605	
1483	21.7601	
1484	21.6974	
1485	21.6045	
1486	21.4385	
1487	21.4058	
1488	21.4118	
1489	21.3878	
1490	21.3508	
1491	21.3138	
1492	21.2983	
1493	21.2996	
1494	21.3013	
1495	21.3289	
1496	21.365	
1497	21.414	
1498	21.4759	
1499	21.5335	
1500	21.6256	
1501	21.7262	
1502	21.8397	
1503	21.9661	
1504	22.1011	
1505	22.2319	
1506	22.3535	
1507	22.4929	
1508	22.6322	
1509	22.7758	
1510	22.928	
1511	23.0974	
1512	23.297	
1513	23.4965	
1514	23.6573	
1515	23.8009	
1516	23.9489	
1517	24.0796	
1518	24.2099	
1519	24.3535	
1520	24.4541	
1521	24.5375	
1522	24.608	
1523	24.6829	
1524	24.7362	
1525	24.7723	
1526	24.8041	
1527	24.8574	
1528	24.9409	
1529	24.9684	
1530	24.9787	
1531	24.9714	
1532	24.9258	
1533	24.8458	
1534	24.7659	
1535	24.6988	
1536	24.593	
1537	24.4313	
1538	24.3169	
1539	24.1811	
1540	23.9592	
1541	23.8663	
1542	23.6745	
1543	23.5945	
1544	23.5016	
1545	23.2841	
1546	23.1869	
1547	22.9736	
1548	22.8162	
1549	22.6502	
1550	22.4972	
1551	22.3441	
1552	22.1953	
1553	22.0852	
1554	21.9747	
1555	21.8689	
1556	21.7933	
1557	21.7305	
1558	21.6763	
1559	21.6221	
1560	21.5636	
1561	21.5181	
1562	21.4682	
1563	21.4054	
1564	21.4071	
1565	21.4346	
1566	21.4708	
1567	21.5112	
1568	21.5645	
1569	21.6436	
1570	21.7399	
1571	21.8358	
1572	21.945	
1573	22.0629	
1574	22.1764	
1575	22.2899	
1576	22.4206	
1577	22.5513	
1578	22.6821	
1579	22.8214	
1580	22.9607	
1581	23.1	
1582	23.2393	
1583	23.3653	
1584	23.4918	
1585	23.6268	
1586	23.7532	
1587	23.8667	
1588	23.9802	
1589	24.0723	
1590	24.1428	
1591	24.2133	
1592	24.2752	
1593	24.3242	
1594	24.3561	
1595	24.3879	
1596	24.3978	
1597	24.4038	
1598	24.3797	
1599	24.3642	
1600	24.3401	
1601	24.2946	
1602	24.2361	
1603	24.169	
1604	24.089	
1605	23.9961	
1606	23.8775	
1607	23.7631	
1608	23.6444	
1609	23.5171	
1610	23.3855	
1611	23.2583	
1612	23.1224	
1613	22.9779	
1614	22.842	
1615	22.7147	
1616	22.5741	
1617	22.4426	
1618	22.311	
1619	22.188	
1620	22.0607	
1621	21.9248	
1622	21.8148	
1623	21.7133	
1624	21.6204	
1625	21.549	
1626	21.4819	
1627	21.4364	
1628	21.3908	
1629	21.3667	
1630	21.3555	
1631	21.3529	
1632	21.3676	
1633	21.3865	
1634	21.4226	
1635	21.4712	
1636	21.5116	
1637	21.5821	
1638	21.6655	
1639	21.7748	
1640	21.9571	
1641	22.1093	
1642	22.2701	
1643	22.4138	
1644	22.5402	
1645	22.6881	
1646	22.8231	
1647	22.9792	
1648	23.1185	
1649	23.2664	
1650	23.4273	
1651	23.5623	
1652	23.7403	
1653	23.8753	
1654	24.1221	
1655	24.3217	
1656	24.4352	
1657	24.6003	
1658	24.7435	
1659	24.7925	
1660	24.8458	
1661	24.9636	
1662	25.017	
1663	25.0359	
1664	25.0247	
1665	25.035	
1666	25.0196	
1667	25.0127	
1668	25.0015	
1669	24.986	
1670	24.9275	
1671	24.8432	
1672	24.759	
1673	24.6876	
1674	24.5775	
1675	24.3165	
1676	24.1677	
1677	24.0361	
1678	23.8573	
1679	23.7171	
1680	23.5683	
1681	23.4238	
1682	23.2664	
1683	23.1048	
1684	22.9732	
1685	22.8115	
1686	22.6498	
1687	22.4709	
1688	22.2663	
1689	22.1175	
1690	21.9859	
1691	21.8629	
1692	21.7528	
1693	21.6514	
1694	21.5542	
1695	21.4914	
1696	21.4329	
1697	21.3701	
1698	21.337	
1699	21.3087	
1700	21.2932	
1701	21.2906	
1702	21.3009	
1703	21.3327	
1704	21.3689	
1705	21.3749	
1706	21.3508	
1707	21.4127	
1708	21.6165	
1709	21.7214	
1710	21.8049	
1711	21.9786	
1712	22.1003	
1713	22.2181	
1714	22.3617	
1715	22.4967	
1716	22.6361	
1717	22.7754	
1718	22.919	
1719	23.0583	
1720	23.1933	
1721	23.3327	
1722	23.4634	
1723	23.6027	
1724	23.7416	
1725	23.8637	
1726	23.9901	
1727	24.0864	
1728	24.1785	
1729	24.2576	
1730	24.3281	
1731	24.3857	
1732	24.4261	
1733	24.4494	
1734	24.4683	
1735	24.4657	
1736	24.4631	
1737	24.452	
1738	24.4446	
1739	24.4335	
1740	24.418	
1741	24.3724	
1742	24.3311	
1743	24.2468	
1744	24.1067	
1745	23.9837	
1746	23.865	
1747	23.6689	
1748	23.5373	
1749	23.3886	
1750	23.2312	
1751	23.1125	
1752	22.968	
1753	22.888	
1754	22.7479	
1755	22.6507	
1756	22.5363	
1757	22.3918	
1758	22.2774	
1759	22.1072	
1760	21.9794	
1761	21.8952	
1762	21.7808	
1763	21.6922	
1764	21.6595	
1765	21.6484	
1766	21.6157	
1767	21.5873	
1768	21.5761	
1769	21.5735	
1770	21.5838	
1771	21.6071	
1772	21.6389	
1773	21.675	
1774	21.7326	
1775	21.7903	
1776	21.8646	
1777	21.9653	
1778	22.0745	
1779	22.1751	
1780	22.3015	
1781	22.4279	
1782	22.5501	
1783	22.7238	
1784	22.8545	
1785	23.0067	
1786	23.1546	
1787	23.2768	
1788	23.4243	
1789	23.5335	
1790	23.6857	
1791	23.7949	
1792	23.9213	
1793	24.0736	
1794	24.1699	
1795	24.292	
1796	24.3969	
1797	24.4674	
1798	24.5293	
1799	24.5913	
1800	24.6532	
1801	24.6803	
1802	24.6863	
1803	24.6966	
1804	24.6768	
1805	24.6614	
1806	24.6373	
1807	24.5917	
1808	24.5332	
1809	24.4575	
1810	24.3432	
1811	24.2546	
1812	24.1402	
1813	23.9828	
1814	23.8641	
1815	23.7455	
1816	23.6096	
1817	23.4694	
1818	23.3335	
1819	23.1761	
1820	23.036	
1821	22.8915	
1822	22.7509	
1823	22.6064	
1824	22.4705	
1825	22.3389	
1826	22.1901	
1827	22.0715	
1828	21.9399	
1829	21.7997	
1830	21.7326	
1831	21.6226	
1832	21.491	
1833	21.4196	
1834	21.3912	
1835	21.3585	
1836	21.313	
1837	21.2889	
1838	21.2777	
1839	21.2837	
1840	21.3112	
1841	21.3469	
1842	21.3787	
1843	21.4321	
1844	21.4854	
1845	21.5473	
1846	21.6565	
1847	21.7528	
1848	21.8578	
1849	21.9627	
1850	22.0848	
1851	22.2155	
1852	22.3634	
1853	22.5071	
1854	22.6545	
1855	22.8025	
1856	22.9461	
1857	23.0897	
1858	23.2247	
1859	23.3726	
1860	23.512	
1861	23.647	
1862	23.8422	
1863	23.9901	
1864	24.1337	
1865	24.2645	
1866	24.3604	
1867	24.4395	
1868	24.5186	
1869	24.5934	
1870	24.6467	
1871	24.6872	
1872	24.7018	
1873	24.7121	
1874	24.7095	
1875	24.7026	
1876	24.6743	
1877	24.6287	
1878	24.5745	
1879	24.5117	
1880	24.4489	
1881	24.3819	
1882	24.2713	
1883	24.1785	
1884	24.0856	
1885	23.9368	
1886	23.831	
1887	23.6865	
1888	23.5163	
1889	23.3976	
1890	23.2273	
1891	23.1	
1892	22.9555	
1893	22.8154	
1894	22.6924	
1895	22.5307	
1896	22.4335	
1897	22.2977	
1898	22.1833	
1899	22.0904	
1900	21.9889	
1901	21.8917	
1902	21.8161	
1903	21.7447	
1904	21.6901	
1905	21.6402	
1906	21.6118	
1907	21.592	
1908	21.5894	
1909	21.5998	
1910	21.6144	
1911	21.6462	
1912	21.6952	
1913	21.7399	
1914	21.7847	
1915	21.8595	
1916	21.9558	
1917	21.9962	
1918	22.0624	
1919	22.1884	
1920	22.2804	
1921	22.4112	
1922	22.5505	
1923	22.6683	
1924	22.8248	
1925	22.9427	
1926	23.0863	
1927	23.2127	
1928	23.3477	
1929	23.4827	
1930	23.6005	
1931	23.7265	
1932	23.8358	
1933	23.9235	
1934	24.0241	
1935	24.1161	
1936	24.1909	
1937	24.2658	
1938	24.3277	
1939	24.3767	
1940	24.4128	
1941	24.4145	
1942	24.4292	
1943	24.418	
1944	24.3982	
1945	24.3698	
1946	24.3281	
1947	24.2653	
1948	24.1897	
1949	24.1183	
1950	24.034	
1951	23.9368	
1952	23.831	
1953	23.7252	
1954	23.6066	
1955	23.4793	
1956	23.3434	
1957	23.2118	
1958	23.0802	
1959	22.9315	
1960	22.7956	
1961	22.6597	
1962	22.5195	
1963	22.3836	
1964	22.2392	
1965	22.1162	
1966	21.9975	
1967	21.8831	
1968	21.7855	
1969	21.6926	
1970	21.6127	
1971	21.5241	
1972	21.4656	
1973	21.4157	
1974	21.3701	
1975	21.3461	
1976	21.3306	
1977	21.328	
1978	21.3469	
1979	21.3572	
1980	21.402	
1981	21.4553	
1982	21.5215	
1983	21.592	
1984	21.6879	
1985	21.7928	
1986	21.8934	
1987	21.9941	
1988	22.1205	
1989	22.2426	
1990	22.3862	
1991	22.5815	
1992	22.7466	
1993	22.959	
1994	23.0983	
1995	23.2634	
1996	23.4152	
1997	23.5588	
1998	23.7154	
1999	23.8461	
2000	23.9983	
2001	24.1333	
2002	24.221	
2003	24.3647	
2004	24.5126	
2005	24.5745	
2006	24.688	
2007	24.8488	
2008	24.9404	
2009	24.9894	
2010	25.0342	
2011	25.0703	
2012	25.0849	
2013	25.0737	
2014	25.0453	
2015	24.9697	
2016	24.8811	
2017	24.7925	
2018	24.7297	
2019	24.6497	
2020	24.5268	
2021	24.4124	
2022	24.3324	
2023	24.1707	
2024	24.0477	
2025	23.9205	
2026	23.6212	
2027	23.5154	
2028	23.3232	
2029	23.1658	
2030	22.9998	
2031	22.8382	
2032	22.6894	
2033	22.5363	
2034	22.4047	
2035	22.2817	
2036	22.133	
2037	22.0315	
2038	21.9128	
2039	21.7468	
2040	21.6152	
2041	21.5439	
2042	21.4811	
2043	21.4312	
2044	21.3899	
2045	21.3615	
2046	21.3461	
2047	21.3392	
2048	21.3581	
2049	21.3852	
2050	21.4342	
2051	21.4875	
2052	21.5494	
2053	21.6329	
2054	21.7292	
2055	21.8126	
2056	21.9089	
2057	22.0353	
2058	22.1532	
2059	22.2753	
2060	22.4146	
2061	22.5367	
2062	22.6885	
2063	22.8235	
2064	22.9672	
2065	23.1108	
2066	23.2501	
2067	23.398	
2068	23.5244	
2069	23.6595	
2070	23.7644	
2071	23.8693	
2072	23.9699	
2073	24.0619	
2074	24.1449	
2075	24.2154	
2076	24.2817	
2077	24.3479	
2078	24.3883	
2079	24.4287	
2080	24.4562	
2081	24.4623	
2082	24.4597	
2083	24.4356	
2084	24.4029	
2085	24.3401	
2086	24.2602	
2087	24.1845	
2088	24.1002	
2089	24.003	
2090	23.9016	
2091	23.7953	
2092	23.6853	
2093	23.5537	
2094	23.435	
2095	23.3034	
2096	23.1718	
2097	23.036	
2098	22.8915	
2099	22.7556	
2100	22.6068	
2101	22.458	
2102	22.3136	
2103	22.1863	
2104	22.0676	
2105	21.9532	
2106	21.856	
2107	21.7718	
2108	21.6746	
2109	21.6032	
2110	21.5447	
2111	21.4948	
2112	21.4536	
2113	21.4161	
2114	21.3964	
2115	21.3938	
2116	21.3869	
2117	21.4144	
2118	21.4677	
2119	21.5813	
2120	21.6948	
2121	21.7825	
2122	21.8831	
2123	21.9966	
2124	22.0887	
2125	22.1936	
2126	22.32	
2127	22.446	
2128	22.5724	
2129	22.7203	
2130	22.8511	
2131	22.999	
2132	23.1598	
2133	23.3335	
2134	23.4986	
2135	23.6466	
2136	23.9278	
2137	24.0198	
2138	24.1849	
2139	24.3152	
2140	24.3728	
2141	24.495	
2142	24.6128	
2143	24.6489	
2144	24.642	
2145	24.7426	
2146	24.8389	
2147	24.8966	
2148	24.9112	
2149	24.9215	
2150	24.9146	
2151	24.8604	
2152	24.802	
2153	24.7259	
2154	24.633	
2155	24.5358	
2156	24.4429	
2157	24.3586	
2158	24.2529	
2159	24.1342	
2160	24.0241	
2161	23.8968	
2162	23.7308	
2163	23.6165	
2164	23.4376	
2165	23.2716	
2166	23.0884	
2167	22.9181	
2168	22.778	
2169	22.6077	
2170	22.4632	
2171	22.3101	
2172	22.1828	
2173	22.0599	
2174	21.9283	
2175	21.8311	
2176	21.7382	
2177	21.6363	
2178	21.5434	
2179	21.485	
2180	21.4351	
2181	21.3852	
2182	21.3353	
2183	21.3026	
2184	21.2785	
2185	21.276	
2186	21.3035	
2187	21.3525	
2188	21.4058	
2189	21.4634	
2190	21.5211	
2191	21.6088	
2192	21.6965	
2193	21.7967	
2194	21.9016	
2195	22.0151	
2196	22.133	
2197	22.2551	
2198	22.3944	
2199	22.5251	
2200	22.6601	
2201	22.8038	
2202	22.956	
2203	23.1125	
2204	23.2647	
2205	23.4208	
2206	23.5558	
2207	23.6779	
2208	23.8001	
2209	23.905	
2210	24.0099	
2211	24.1019	
2212	24.1853	
2213	24.2559	
2214	24.3307	
2215	24.384	
2216	24.476	
2217	24.5809	
2218	24.6338	
2219	24.6614	
2220	24.6631	
2221	24.6476	
2222	24.6063	
2223	24.5392	
2224	24.4679	
2225	24.3836	
2226	24.3122	
2227	24.215	
2228	24.1049	
2229	24.0078	
2230	23.8934	
2231	23.779	
2232	23.6732	
2233	23.5416	
2234	23.4144	
2235	23.2828	
2236	23.1383	
2237	23.0067	
2238	22.845	
2239	22.713	
2240	22.5771	
2241	22.4413	
2242	22.3355	
2243	22.1996	
2244	22.111	
2245	22.0225	
2246	21.9167	
2247	21.841	
2248	21.7825	
2249	21.7369	
2250	21.6913	
2251	21.6501	
2252	21.6217	
2253	21.5976	
2254	21.5993	
2255	21.6226	
2256	21.6501	
2257	21.7034	
2258	21.7563	
2259	21.8182	
2260	21.893	
2261	21.9807	
2262	22.0771	
2263	22.1777	
2264	22.2869	
2265	22.409	
2266	22.5182	
2267	22.649	
2268	22.7711	
2269	22.9104	
2270	23.054	
2271	23.1929	
2272	23.3365	
2273	23.4716	
2274	23.6152	
2275	23.7416	
2276	23.8465	
2277	23.9643	
2278	24.0649	
2279	24.1613	
2280	24.2619	
2281	24.3238	
2282	24.3642	
2283	24.396	
2284	24.4403	
2285	24.4636	
2286	24.4868	
2287	24.4928	
2288	24.4945	
2289	24.5005	
2290	24.4808	
2291	24.4223	
2292	24.3552	
2293	24.2838	
2294	24.2124	
2295	24.1282	
2296	24.031	
2297	23.9123	
2298	23.8065	
2299	23.6792	
2300	23.5563	
2301	23.4376	
2302	23.3056	
2303	23.1783	
2304	23.0424	
2305	22.9022	
2306	22.7534	
2307	22.6047	
2308	22.4645	
2309	22.3286	
2310	22.197	
2311	22.0826	
2312	21.9683	
2313	21.8582	
2314	21.7524	
2315	21.6638	
2316	21.5838	
2317	21.5168	
2318	21.4583	
2319	21.4084	
2320	21.3671	
2321	21.3388	
2322	21.3061	
2323	21.3121	
2324	21.3349	
2325	21.3667	
2326	21.4114	
2327	21.4647	
2328	21.531	
2329	21.5972	
2330	21.6849	
2331	21.7812	
2332	21.8818	
2333	21.9997	
2334	22.1304	
2335	22.2568	
2336	22.3918	
2337	22.5221	
2338	22.67	
2339	22.8179	
2340	22.9616	
2341	23.1224	
2342	23.266	
2343	23.4698